# Dimensions:
25,25
# Totals of monsters:
G=162
V=166
Z=182
# Grid layout:
----\----------\-----\---
---//-\---------\\-/---/-
-\---\-----\/----/--\----
/-------/------\--//-----
----------------\----/---
-------\---//--------\-/-
/\\--\--/-\--------------
--/\---------/-----/\----
\-//---\----\/------/----
-------\---/-/-----------
-----/----\/--/--------/-
--\-------/---------/---/
-\----/---\--/-/-\----\/-
-----\---/--/-------//---
------\--/-\-----/---/---
-------//----/-----------
------/----\-------------
/-----\/----\---/\-----/\
--\\-------/-------\-----
----//-------------------
-------\---///-\---------
-----------------\-------
----/---/-----\---------\
\---\--/-----/--------\--
-------\/--------\---/-/-
# Path
13,1,9,14,2,4,9,9,8,16,13,16,34,31,13,9,27,13,4,3,6,7,25,2,9,5,2,6,5,6,3,83,3,7,25,9,10,18,11,28,18,30,13,6,31,9,20,2,0,23,0,18,3,3,21,9,30,3,80,8,13,11,11,11,20,44,0,0,13,16,7,13,11,16,4,8,5,5,24,8,20,26,5,18,18,20,9,9,16,9,39,0,13,0,8,14,6,3,16,2
