# Dimensions:
25,25
# Totals of monsters:
G=158
V=155
Z=179
# Grid layout:
\--/-/--//-/--\/-\---\---
------\------------------
-----\/-\\---------/-\---
------\---\\--/-\------/-
/-\-----/-------------/--
/-----------------------\
-\-\-\---\--/-----/\-----
--/---\-\------/----\--\\
------\-------//-/-----\-
//--/-\\--\--------\\--\-
--\---\--------\----/-//-
\---/--------/------\-\--
/--/---------------------
---\-\---\-/------\---/\-
\--/----/----/-----------
-\\---/-/-/---/----/-\---
\\---------/-----/-\----\
--------------/----\---/-
--\/\-----/--------------
---------\-----------\---
-----/-/----\-/-/-\-/-\/-
----------\------/---\--/
--//--\-\----------------
/--\--------------\-/----
--\--\-------\----\//\--\
# Path
0,4,28,4,47,16,4,33,13,37,16,2,43,27,2,0,18,0,31,6,16,9,6,3,17,6,14,48,4,4,9,32,33,47,2,1,13,26,2,30,14,0,2,35,22,6,0,11,19,0,0,6,5,10,5,0,0,8,12,23,7,10,7,15,9,14,14,34,45,46,17,19,9,18,1,3,1,5,15,9,26,34,17,17,6,1,17,1,1,4,1,19,5,3,7,15,28,6,5,0
