# Dimensions:
25,25
# Totals of monsters:
G=161
V=166
Z=161
# Grid layout:
----------------/---/---\
--/---/---\---/-\---//--/
---\--/--//----\---------
/----------\-----------/-
-\---\-------\--/-----/--
------/\/-/----/\----\---
--/---/----\-------------
\-/-/-----\\----/--------
-----\----/---------\-\--
-----------\----/-\-\---\
---\--\----/-----\-\----/
--/-----/\/\/\------/\---
----------\-------------/
--\--\\----\\\\------\\--
-------/-----------------
\/-/-----\\----\/----\---
----------\-\-----/------
-/\------/\\\---/-/--/---
\\\---------------------\
--/-\--\/---\---\\-----\-
\\----\-----------/------
--\-------\--\-------\---
----//-----/-//---\//---\
-----/---\-----/-----/--\
----\--/-\---\-----\\-/--
# Path
9,3,30,4,15,20,3,11,12,17,3,11,19,11,15,22,11,26,20,15,3,15,3,1,3,0,0,22,4,4,13,35,12,26,0,0,28,12,8,26,4,33,6,55,3,15,0,3,1,8,0,5,1,15,1,12,4,30,16,14,21,5,26,25,23,19,13,2,23,3,2,18,24,28,18,6,5,9,4,1,3,23,2,19,25,18,2,23,3,10,21,11,1,55,32,2,1,4,19,8
