# Dimensions:
25,25
# Totals of monsters:
G=175
V=151
Z=172
# Grid layout:
\---\/----/----\---/-----
------/-----/---------\--
--/------------\---------
---\-----------------\---
-----/\-\---\--//------\-
-------/--/--------/-----
-\-\----------\----/-/---
------/-\----------------
/-\-----/---\--//-/---\-/
--\---\/-----------------
---------/--/-----\-/-\-\
/--------/---------------
---\\---/---/----\\----/-
-\------\-------/\-/\---\
--\-/-----/\----\---\----
----/----\------------\\-
/-------\--------------/-
--------/----/--/--------
-------------/--/\-------
--\-------\\----/--//----
----//-//-\--\---------\-
--\--------\------------\
---\/----/\\--//---\--\/-
-/--/---/----\--\--\-----
/--\-\/---\\\----\-/-///-
# Path
0,5,22,3,11,26,14,22,12,22,3,20,10,24,18,3,12,18,14,5,34,17,8,10,8,3,16,93,5,3,21,6,46,2,16,14,16,2,93,6,1,1,12,9,10,1,2,2,4,2,2,3,26,4,27,1,17,1,20,43,2,15,8,17,0,9,9,18,0,0,30,10,15,2,0,0,0,24,30,8,16,38,30,8,9,11,20,16,32,18,17,15,8,4,20,16,3,11,21,0
