# Dimensions:
25,25
# Totals of monsters:
G=179
V=170
Z=151
# Grid layout:
\/----/--\\--------------
\--/--------------\\---\\
------/---\-------/------
------\-----\----\-/-----
------------\-------//---
--\-\----\\-----\----/---
----/------//------------
----/--/---/----------\--
-----/-------------\/\-\-
-----/--\---/-//-/----/-\
------/-/--/--\---------/
--\\---------/------/----
------/--/------/-\-\\---
-----------/-//\/---\---/
\---------------/---/----
--/--/----/---------/-\-/
----/------------------\-
-\-/--/--/--/--------\--\
--\----------------------
--/-\/--------/-\-----\/-
--\------/---/---/-----\\
--\----\-/-----\----/\---
--\---\-\--------\---//--
-----\-/------/-\--------
--\-\---/\-\\---/----\---
# Path
0,18,6,10,7,40,0,17,11,0,21,19,19,23,18,12,60,11,9,2,3,5,19,7,44,14,7,5,7,5,6,47,7,26,0,0,18,38,18,7,6,3,6,21,4,1,4,15,11,2,3,3,3,2,5,11,18,16,1,8,39,16,1,10,14,15,1,1,19,1,1,11,12,11,45,48,11,14,45,3,2,5,8,22,4,59,17,13,8,13,16,10,25,17,1,15,5,8,9,0
