# Dimensions:
25,25
# Totals of monsters:
G=161
V=147
Z=181
# Grid layout:
-----------\---------/\\-
-\---\\---------/---\---/
\-///-----/----/---/-/\-\
-/--/-\---/-----------\-\
---------------------/--/
---\---------------/----\
----\-/-/-\--\--------/--
-/---/------\-/---/\-----
---\------/----/--\\//\--
/--/----------\--/-------
---\--/--------/-\-\/-/-\
-----\--\-----\----/---\-
/-/------------------\\--
---/-----/--/--/--\---/-\
----/\-------//\----\--\-
--------\-----\----------
--/-\---\----/-\---\-----
\\------/----------------
----/--/----\-//-/-\---/-
--/----/---/-------/---/-
----------------\--------
-\---/-\/------/------/--
-----\\/--\----\--/-----/
--\-/-\--\-/--/-\-/-----/
-------/-/-------/-------
# Path
1,2,3,36,48,7,12,28,44,33,14,5,10,26,17,12,3,10,19,11,5,0,0,22,1,33,1,3,0,0,5,2,41,5,9,4,9,4,7,4,18,25,19,3,11,18,17,7,18,48,9,10,17,23,6,24,2,7,2,8,42,18,16,6,18,8,49,5,27,27,1,11,2,8,13,4,4,7,18,34,7,7,4,33,22,7,7,4,11,46,7,19,12,7,5,39,10,2,2,8
