# Dimensions:
25,25
# Totals of monsters:
G=168
V=166
Z=162
# Grid layout:
--/---------/-\--/---/---
--\----------------/-\/--
\-----//-----------------
--/---/---\---\-----\----
-\-------\----\----\//-\-
---/---\------/\--\---\--
--------/-------\/-//----
-/-----------------------
------/------------------
-\--\-/----\/\-\---\---/-
--/\------/-----/-----\--
----/---/----\/---------\
-\----/-\----\---/------/
/-/\---//-\-----\-\-----\
-/\/--------\------------
--/---/--------//-\------
-------//\------------\--
----------/---/------\---
-----/--\--/--//\/\------
----\\\-----/--\\\---\---
------/-----/---/----\--/
---/\-/---\---/--/-\---/-
-/\----------/\-----/---\
------/-----/------------
---//----\--//-----------
# Path
0,3,16,7,8,38,9,9,12,21,67,14,0,19,0,38,11,4,17,4,47,1,3,32,49,3,0,14,29,4,33,22,21,38,3,23,0,0,4,71,21,8,17,11,12,4,19,1,18,13,2,7,5,18,4,8,7,44,24,7,6,23,1,12,19,1,10,11,5,17,2,2,14,1,6,1,3,3,4,13,10,15,16,12,13,13,7,8,12,26,1,14,3,16,8,2,11,2,1,3
