# Dimensions:
25,25
# Totals of monsters:
G=166
V=182
Z=148
# Grid layout:
----\-----------\----/--\
-\/\\------/--------/--/-
-------/--//-------/----\
-/--------/-------/-\/---
-\/--/-----/----\-\------
\\/----------\----------/
------\---/----\-/\---/--
/\---------/--\-------\--
---\-/\-------\/-------/-
\----/----\---//---------
--/--\----------\\---/---
//---------\----/-/--/---
\-------\----/-----\/----
--------/\--\--\\-----//-
\------/--------/--\//---
--/-\---//------------/-/
-\/-----\--\--/-------/--
---------------/---/-----
---\-----------/----\/--\
-/--/--------/--/--------
--/-----/--/------\------
----/---\---//\----\----/
--\-----\-------------/-/
--------------\----------
-/\----\--/-----\---\\---
# Path
3,0,1,1,2,11,11,29,17,48,14,9,22,21,8,31,14,7,10,5,5,2,4,1,2,5,2,1,14,8,1,6,13,7,14,12,18,13,33,31,47,22,20,2,21,7,2,6,8,2,43,14,14,3,10,6,5,14,10,14,6,13,10,31,2,10,14,2,31,34,3,12,16,0,19,1,31,4,5,0,10,28,22,21,35,14,10,0,0,48,1,12,1,6,2,1,1,28,2,2
