# Dimensions:
25,25
# Totals of monsters:
G=167
V=177
Z=166
# Grid layout:
--/-/\-------/\\--\\-\---
---\---\-\-\\-----\-----\
-\/----------------------
------/--/-------------\-
-----\---/-\-----/-\/-\\-
/--\/--------------------
---/--/\----/-\---\------
-/-\-------------\-------
/--\-/--\----------------
--/-------------/--\-----
----\--------/---/-------
---/----/---------/--\/--
----------/--------------
-------/---\//\-------\--
-\\------\-------/-------
---\----/--------\---\---
\--\-/---\/\\---/---/-/--
-----\-------------------
-\------\---\\-\-----/---
--------/\------------//-
-------\--\----\-/----/\-
-----\\/-/-------/--\----
-\---/-------/-/---//----
------------/------------
--------------------\\//-
# Path
7,3,13,3,0,0,3,7,23,8,19,11,4,0,0,5,35,7,16,5,2,6,7,10,31,16,11,18,6,8,19,15,12,29,29,7,7,18,3,26,6,4,17,6,8,3,7,3,48,2,18,29,0,0,9,35,32,35,21,16,24,26,7,17,8,21,6,6,2,6,32,8,27,4,18,24,11,17,21,16,12,5,11,5,7,7,11,17,3,26,5,5,7,33,49,26,8,2,4,16
