# Dimensions:
25,25
# Totals of monsters:
G=161
V=181
Z=155
# Grid layout:
------/--\-\------//---\-
--/--\/---\--/-----------
--\\-/----------\-/-\-\-\
---//--------------/-----
--\\--/-----\--\\\-/-/-/-
-------\----\-\-------/--
----/--------------/--///
-----\---\-\\------/-----
-\/---------\/------/-/-\
-\-\-------------/-\\-\--
-\-----------/------/----
\----//\\\\---------\----
--/----------------/-----
--\-----/-----\----\-----
-----/\-----/--\---------
--------//\-//----/----\-
/----//--------/-/------/
----/--\//-\----/--------
--------/-\--\-----------
/------\-------\---------
---------\--------------\
/------------\\/---/-\/--
-----/---\----------\----
\--\--------\-------/----
-/-\------/-------\/\--\-
# Path
6,6,1,3,31,2,1,9,23,1,6,59,13,7,23,18,16,18,4,3,90,24,8,3,5,3,7,1,6,2,4,1,20,4,7,9,15,91,30,15,7,4,15,17,12,3,10,6,6,1,3,1,4,5,8,0,0,9,14,5,3,25,11,12,4,12,12,84,8,5,9,4,18,1,59,1,0,4,0,15,17,9,3,81,14,9,2,3,8,16,25,5,21,23,7,3,26,3,3,7
